det400 2014/03/02 08:32:23.003  39.7925 -118.9884 -0.048 -0.10 010  0.026  0.060  0.140  0.222 14030208322  w 1 
det401 2014/03/02 12:10:40.404  39.7936 -118.9873  0.362  0.34 015  0.023  0.081  0.108  0.166 140302121040 w 1
det402 2014/03/02 12:17:32.887  39.7930 -118.9870  0.375  0.13 013  0.025  0.066  0.080  0.137 140302121732 w 1
det403 2014/03/02 13:33:33.765  39.7936 -118.9880  0.383  0.48 010  0.023  0.142  0.168  0.212 140302133333 w 1
det404 2014/03/02 15:32:51.421  39.7933 -118.9872  0.075  0.48 017  0.021  0.058  0.100  0.125 140302153251 w 1
det405 2014/04/07 03:42:32.583  39.7944 -118.9871  0.302  0.31 016  0.021  0.079  0.096  0.135 140407034232 w 1
det406 2014/04/07 03:48:09.364  39.7948 -118.9875  0.174  0.04 014  0.015  0.084  0.098  0.116 140407034809 w 1
det407 2014/04/07 04:09:03.696  39.7925 -118.9858  0.552  0.32 014  0.023  0.161  0.176  0.248 140407040903 w 1
det408 2014/04/07 04:57:10.572  39.7950 -118.9882  0.198 -0.30 009  0.020  0.071  0.102  0.177 14040704571  w 1
det409 2014/04/07 05:04:10.726  39.7945 -118.9874  0.126  0.30 018  0.018  0.061  0.097  0.138 140407050410 w 1
det410 2014/04/07 05:25:39.976  39.7947 -118.9924 -0.275  0.05 012  0.026  0.095  0.302  0.752 140407052539 w 1
det411 2014/04/07 05:52:07.276  39.7941 -118.9874  0.276  0.51 016  0.019  0.072  0.115  0.159 140407055207 w 1
det412 2014/04/07 05:52:51.749  39.7931 -118.9852  0.141  0.13 018  0.026  0.058  0.122  0.132 140407055251 w 1
det413 2014/04/07 06:18:58.655  39.7929 -118.9865  0.335  0.54 018  0.026  0.097  0.127  0.210 140407061858 w 1
det414 2014/04/07 06:19:27.306  39.7960 -118.9778 -0.486 -0.30 009  0.018  0.088  0.299  0.406 14040706192  w 1
det415 2014/04/07 06:27:14.034  39.7995 -118.9872  0.236 -0.40 009  0.018  0.091  0.180  0.309 14040706271  w 1
det416 2014/04/07 06:28:53.047  39.7994 -118.9922 -0.136 -0.40 008  0.019  0.079  0.162  0.190 14040706285  w 1
det417 2014/04/07 06:34:33.381  39.7934 -118.9865  0.333  0.37 015  0.024  0.092  0.133  0.205 140407063433 w 1
det418 2014/04/07 06:36:42.964  39.7946 -118.9877  0.084  0.00 015  0.021  0.063  0.086  0.110 14040706364  w 1
det419 2014/04/07 06:54:41.276  39.7958 -118.9866 -0.038 -0.60 013  0.020  0.059  0.102  0.153 14040706544  w 1
det420 2014/04/07 06:55:05.222  39.7948 -118.9882  0.114  0.66 018  0.018  0.078  0.087  0.116 140407065505 w 1
det421 2014/04/07 06:55:33.398  39.7966 -118.9887  0.241  0.27 015  0.040  0.116  0.149  0.184 140407065532 w 1
det422 2014/04/07 07:10:07.146  39.7931 -118.9872  0.305 -0.30 010  0.020  0.108  0.145  0.186 14040707100  w 1
det423 2014/04/07 07:18:03.119  39.7919 -118.9867  0.315  0.29 012  0.027  0.113  0.129  0.190 140407071802 w 1
det424 2014/04/07 07:27:46.626  39.7921 -118.9828  0.601 -0.50 015  0.029  0.129  0.151  0.221 14040707274  w 1
det425 2014/04/07 07:53:19.590  39.7936 -118.9874  0.050  0.71 016  0.021  0.067  0.099  0.136 140407075319 w 1
det426 2014/04/07 07:59:05.870  39.7954 -118.9876  0.086 -0.40 016  0.020  0.086  0.100  0.107 14040707590  w 1
det427 2014/04/07 08:26:14.585  39.7929 -118.9875 -0.094 -0.20 014  0.028  0.062  0.078  0.141 14040708261  w 1
det428 2014/04/07 09:22:15.174  39.7957 -118.9877  0.150  0.14 016  0.018  0.085  0.113  0.167 140407092215 w 1
det429 2014/04/07 10:39:00.585  39.7963 -118.9892  0.096  0.09 015  0.017  0.102  0.117  0.134 140407103900 w 1
det430 2014/04/07 12:12:16.217  39.7983 -118.9915  0.215  0.17 015  0.024  0.078  0.120  0.186 140407121216 w 1
det431 2014/04/07 13:49:13.288  39.7951 -118.9875  0.172  0.30 012  0.022  0.074  0.092  0.111 140407134913 w 1
det432 2014/04/07 13:56:16.685  39.8073 -117.0020  0.210  1.08 018  0.029  0.227  0.267  0.363 140407135616 w 1
det433 2014/04/07 14:34:28.812  39.7931 -118.9869  0.318  0.62 019  0.027  0.092  0.108  0.156 140407143428 w 1
det434 2014/04/07 14:38:27.207  39.7958 -118.9883  0.074  0.27 015  0.022  0.076  0.088  0.126 140407143827 w 1
det435 2014/04/07 15:28:28.241  39.8068 -117.0032  0.348  1.73 020  0.023  0.200  0.247  0.358 140407152828 w 1
det436 2014/04/07 18:46:26.606  39.7936 -118.9864  0.111  0.46 017  0.031  0.081  0.088  0.110 140407184626 w 1
det437 2014/04/07 19:20:13.542  39.7931 -118.9848  0.368 -0.60 008  0.018  0.106  0.136  0.156 14040719201  w 1
det438 2014/04/07 22:21:55.772  39.7947 -118.9828  0.622 -0.20 009  0.016  0.151  0.235  0.402 14040722215  w 1
det439 2014/04/08 00:33:32.556  39.7946 -118.9854  0.203  0.25 009  0.018  0.207  0.424  1.169 140408003332 w 1
det440 2014/04/08 00:48:33.021  39.7977 -118.9896  0.256  1.38 016  0.014  0.216  0.258  0.599 140408004832 w 1
det441 2014/04/08 03:44:37.156  39.7948 -118.9873  0.037  0.03 006  0.009  0.194  0.373  0.881 140408034437 w 1
det442 2014/04/08 11:22:58.551  39.8002 -118.9858  1.013  0.79 016  0.021  0.281  0.345  0.585 140408112258 w 1
det443 2014/04/08 11:26:57.503  39.7917 -118.9847  0.239 -0.50 006  0.006  0.291  0.383  0.737 14040811265  w 1
det444 2014/04/08 19:12:11.992  39.8164 -118.9939  1.153  1.00 014  0.014  0.407  0.739  1.373 140408191212 w 1
det445 2014/04/08 21:08:38.950  39.8112 -118.9925  1.106  0.79 008  0.025  0.445  0.584  0.703 140408210839 w 1
det446 2014/04/09 01:52:34.821  39.7965 -118.9873  0.257  0.51 013  0.011  0.215  0.270  0.531 140409015234 w 1
det447 2014/04/09 02:00:09.556  39.7960 -118.9892  0.044  0.22 009  0.008  0.182  0.280  0.760 140409020009 w 1
det448 2014/04/09 02:00:33.180  39.7971 -118.9891  0.072  0.13 016  0.018  0.171  0.206  0.472 140409020033 w 1
det449 2014/04/09 02:04:00.010  39.7962 -118.9843  0.573  0.40 009  0.027  0.285  0.387  1.015 140409020359 w 1
det450 2014/04/09 05:33:08.976  39.7934 -118.9828  0.901  0.40 009  0.021  0.243  0.430  0.783 140409053308 w 1
det451 2014/04/09 06:45:45.988  39.7923 -118.9845  0.515  0.34 008  0.024  0.234  0.438  0.984 140409064545 w 1
det452 2014/04/09 07:17:07.005  39.8084 -118.9937  1.058  0.88 016  0.024  0.381  0.483  0.526 140409071706 w 1
det453 2014/04/09 08:28:31.962  39.8035 -118.9919  0.779  0.10 008  0.016  0.302  0.504  0.649 140409082831 w 1
det454 2014/04/09 10:37:11.743  39.8015 -118.9921  0.789  0.28 012  0.016  0.238  0.321  0.349 140409103711 w 1
det455 2014/04/09 13:50:19.097  39.7939 -118.9833  0.994  0.09 011  0.020  0.312  0.329  0.558 140409135018 w 1
det456 2014/06/06 13:49:04.189  39.7960 -118.9858  0.175  0.60 013  0.023  0.199  0.246  0.561 140606134904 w 1
det457 2014/06/07 17:31:46.552  39.8025 -118.9943  0.069  0.16 009  0.021  0.247  0.334  0.681 140607173146 w 1
det458 2014/06/10 14:56:06.824  39.7925 -118.9865  0.218  0.15 005  0.008  0.270  0.404  1.453 140610145606 w 1